73921
1180
161945
60178
174088
117274
10111
138897
85738
40690
166084
145602
114140
36399
144854
17791
68818
30390
173145
95804
122451
162539
100462
110486
6599
58370
45722
131287
73276
121053
89507
171433
107748
108223
71313
74614
65624
33674
69559
150304
69949
60498
160963
83088
28922
152289
59752
170780
15059
127297
173851
22266
39914
161976
90310
152366
110120
93052
95362
144300
4767
113900
145732
1940
116265
97165
50727
1075
131449
86408
24316
33235
26700
15722
21994
79753
60337
16583
24287
57055
163947
37109
124839
173521
4164
129232
110910
88428
43424
98503
129434
160751
74295
136807
145653
77843
158350
148221
119956
155465
170463
168362
78552
102401
108920
159055
157627
153364
74255
1085
106770
774
72493
106593
171760
166617
112501
34021
155733
30483
156988
34340
25514
17300
32095
85585
17683
116865
157714
78825
54204
42800
7166
24980
1404
176566
119902
62350
4727
78283
100874
103735
143869
49995
50863
159462
66936
168522
175629
55767
169509
110855
17595
100584
78922
119197
139609
75112
132534
26703
114154
27001
132255
36585
63621
132322
41598
156399
79303
164866
129568
169309
114238
65212
76042
158431
35891
83276
56233
126848
98133
91258
82664
131196
112583
74029
159769
129460
39326
46978
134929
88525
120226
48582
54294
165968
123726
25300
112274
15497
3557
101971
36927
40574
158225
39924
103251
134237
10599
160402
26553
63427
141627
68928
174612
62605
121829
154978
28610
112859
110157
115044
1554
90844
54648
16269
119942
42540
28956
67750
31884
120446
14211
140036
44307
55770
42820
30283
7352
118223
143493
14440
56537
105996
60172
160357
49577
98880
109241
141947
133526
42264
102257
97935
94995
3497
175905
85998
48612
97995
126321
72592
60075
13668
95073
120372
102564
159876
33913
9014
145771
96835
176531
40463
6053
142297
95466
110504
165941
37421
38803
169646
121546
108523
123734
139520
49357
100951
42263
4800
123469
166529
39168
20303
89950
161815
66810
93586
93895
87182
74541
108373
44435
79977
133588
47984
95624
11453
5329
171641
5500
15225
26931
134846
167022
148191
37559
107392
44445
126032
40534
143558
147936
125804
152928
85129
83954
147785
111606
99105
109259
122347
172820
15216
45482
57665
42803
14429
172481
56487
29019
146967
29249
166736
128195
94903
91744
104768
81267
77126
127131
112369
115040
148665
18870
177681
123048
139329
166483
90984
171074
159794
142399
68934
27952
110350
169263
47435
159255
77905
50166
134975
74510
79915
115139
19409
120675
70886
102030
88766
125792
58492
53357
79441
155210
67364
130533
112453
65914
175648
103283
70007
156972
39895
90162
146134
91243
82939
61962
4226
105329
168911
65761
71807
51566
15294
13109
45396
23459
118196
128760
151209
177620
26705
54887
25320
177713
118737
168166
101623
12162
60482
155002
101371
161376
103504
21143
29911
132455
107022
38543
46371
32533
115143
105137
62175
20189
75957
126928
22012
90600
39645
146675
1623
29333
111335
50020
90570
5283
117844
100401
153037
162759
118599
96886
36059
124400
7108
17393
53278
172461
104104
176543
38779
27928
68649
108192
93241
43147
75963
7494
122334
47919
40685
71871
154257
83737
153706
140799
142766
117562
166687
147394
72669
31767
97141
130313
50311
130865
56141
103778
99216
149478
145847
127856
68321
119791
154966
168201
48405
109945
116794
87388
80236
32579
97064
162871
147436
85846
83614
147693
97644
35750
116990
3037
127333
159453
35569
36688
109211
92858
12925
65706
163061
128546
44896
169483
38269
39354
134205
148954
40907
135314
83860
114414
20589
38423
43701
113485
158479
83590
176001
118383
34325
171236
92258
146578
68494
51492
2319
119546
127128
9553
27698
19483
119582
175911
141000
69971
109001
66589
95653
150970
32391
120089
169751
36254
121367
132197
74335
151057
83424
29389
97447
105226
176197
54988
154614
1766
114670
89318
150303
169184
16890
27841
2327
176406
167265
104095
39062
172362
82504
103689
62509
67405
133160
36395
104638
147256
32002
94256
153822
14299
153904
13095
38151
97642
53234
2026
154582
13716
88109
88211
147947
43826
72805
1992
75769
70702
26338
164421
108284
11285
169215
26064
245
105696
174004
20614
150791
5811
147849
102661
20974
104344
78347
83383
10165
58030
7976
109216
155540
154245
37190
125114
117258
8796
39697
35242
108413
103815
32932
124248
3017
62128
53949
113111
71053
135988
156761
147832
107661
23858
49236
34997
57498
20188
66612
133390
21484
101246
6235
141993
87014
17129
38068
18234
120433
130470
107863
90131
54957
94076
27549
34898
149825
139840
67531
28046
174956
138195
81803
113248
162132
133691
23046
80969
136651
72798
148533
100385
46458
133492
12546
127775
25880
62869
46133
4930
51281
22695
172020
138185
134451
68209
164102
58876
52654
151206
6152
4777
123638
21840
10021
43334
112075
111941
49853
154158
69232
73573
93556
12894
120615
111101
83329
146186
121406
98197
75049
120120
96812
174248
7201
165917
165485
19455
129898
157473
135020
158771
62768
37941
108846
76184
38431
59987
9888
8074
49971
94063
38561
164422
108336
81157
148045
134169
72756
10659
168114
122650
48251
129738
177014
110101
149305
141735
136265
128198
130674
145110
56909
39547
102943
93285
61089
59715
50833
93135
97067
167261
97034
136264
96938
135724
79585
168648
138950
111826
59409
140000
70299
170838
51831
113669
140781
176879
10936
62492
54751
40156
172056
11036
64032
922
129242
14658
14275
66948
86106
104672
40342
12874
34891
50426
75939
8294
87552
142041
21908
75927
6506
64866
115752
14534
77742
128463
103422
74183
14505
31253
45002
51317
148751
42934
34190
83668
150880
120419
81496
156775
38840
52197
147668
36677
98953
7236
34102
5531
113762
137679
8346
74002
81573
140107
35324
53758
18966
136601
59537
35062
158193
45600
57284
50040
120976
77627
55645
113862
132169
23818
62004
142660
146878
149709
11842
40603
44088
1057
127795
127070
14944
74935
123943
101469
118920
11005
86286
138738
73528
123794
1735
168666
159396
11304
77102
82878
65032
7361
160865
886
98883
130200
26604
175892
173646
154049
88073
87819
57277
62022
29294
134424
66793
27352
57189
99825
92088
82956
18221
123031
41753
59429
27094
23763
53901
176544
98194
150945
115853
43746
126749
67102
79865
70344
78615
87451
96131
34693
88046
121151
174211
76653
146557
56417
11860
110755
130677
143441
70786
146238
107099
115024
17257
143992
141268
12384
40618
72257
39922
98099
26610
85410
92097
108751
84186
126711
177146
101463
153248
140602
25323
143940
136997
112180
106812
107723
46762
160259
78235
151726
51559
124399
144835
157837
16306
108452
53776
173305
114090
158393
10889
110393
14152
135998
86337
34742
77128
121676
156536
136447
132779
168525
35186
28718
163560
174308
25626
56202
17987
128739
148131
151686
133364
60238
137310
101915
107332
41769
27803
69109
74562
101570
127657
119780
167920
101208
166883
41234
8041
69968
94521
121346
26096
51173
66301
5681
11897
8479
77191
103416
35306
81428
21425
68550
80813
33264
63830
99623
77216
143935
93345
3297
33434
81396
91460
65372
130845
48783
24260
111318
34917
6981
19472
17142
166068
151121
109870
133082
6464
53239
24513
107544
53615
89517
114500
149371
139280
49566
114890
23284
10367
81581
33875
129779
162783
14661
147112
166094
123114
58114
46198
19514
6061
26241
122695
163614
109872
36931
44189
151909
97837
170957
73356
127621
156561
80625
148669
14898
91707
19004
71535
81658
128561
111361
33980
98199
30102
90825
38283
104510
95314
3656
122736
85412
138798
134558
153006
158346
32466
159480
10957
108077
165585
41240
37887
55548
78391
12744
130853
25785
7489
153311
84481
69684
2541
9068
170165
106141
166387
97681
105751
95671
174070
144047
155840
76337
54510
142753
146684
168478
98333
29460
30931
140921
12506
33973
55896
130614
94750
142758
111003
129632
37821
33756
147283
133778
125982
53872
111109
133188
94292
43551
41629
52246
26101
93028
23831
20818
136580
10871
47038
73666
129367
131948
118587
9997
77852
79849
102313
64990
102286
7275
107552
166649
108688
117995
106622
88702
193
63025
94667
16434
142647
42119
69820
89264
141025
24680
150856
23414
154014
68891
27960
146378
77743
98487
96770
100033
68931
113616
53566
5414
49429
137815
16917
66218
127897
22438
111878
107965
27899
84802
44823
26217
102037
83976
63649
145013
28766
59711
126276
161380
74753
26512
138776
49553
91883
29461
141427
141871
75332
35590
47904
121124
176039
103713
89470
34269
165003
20600
105087
38706
38869
54822
22784
112138
37070
87549
58055
131936
163775
28175
75213
54676
148794
146674
3838
126742
107129
66438
123167
170544
172562
9630
64530
20839
29894
148201
135424
105826
34308
152461
162861
41827
4741
80528
48249
38611
45153
5805
149998
111380
79300
151300
36584
24397
14244
164220
147375
1718
124741
18189
63767
134175
18532
93490
7438
48564
72624
16474
1111
103093
105008
412
130393
24950
151521
104289
148176
157675
154097
127666
88625
103932
136459
111968
52494
121513
19609
170555
119753
172037
98203
13951
94572
76231
52555
101769
86575
8593
152321
22593
56180
135834
100831
141671
146900
4477
129385
170046
123217
78647
94327
29197
141610
87957
176232
14415
164457
121555
98195
138237
117546
60753
157257
50239
172965
66339
133521
138082
162971
96567
29264
109025
163522
151356
40173
161365
88127
154403
161495
114380
153352
106988
175877
173978
147712
117071
40571
145083
106135
162251
23529
176140
72899
106583
52634
141835
113829
18947
50394
51856
125551
135823
135617
143354
25245
163791
1703
40146
138720
118839
12447
52277
85859
110462
10480
59126
38677
24383
177631
84766
139225
44209
105975
68887
118281
164468
93372
107889
128665
56192
2008
132434
152537
39038
117575
112655
169725
28867
110159
93254
161333
2325
110606
134375
26828
150422
91692
37
2671
161958
35579
111317
77269
48865
42827
154503
122862
130476
43079
160917
129551
62590
137275
17513
35059
172446
106925
151467
27687
3947
72722
77463
136020
66054
90165
49828
28410
140249
142936
37523
26194
141757
91706
35402
23646
75428
72546
24684
153184
106399
48686
56297
80749
125020
49967
97251
48768
170840
165979
224
52090
12000
110129
166187
82044
35601
86668
62472
31219
69412
151867
165476
44953
60566
39763
173614
107753
29173
58607
76526
10061
3312
131653
83234
101571
119874
119743
114512
1411
86626
11649
153860
27022
106624
11787
22290
124028
134759
18487
86417
111870
48671
55882
90934
113884
154133
102480
130883
58610
148172
130051
16157
89499
47295
160893
80955
166449
54082
125469
46263
46303
17173
1462
128725
110270
87292
24750
74967
34771
94464
111976
50983
67518
128477
5731
67266
147494
169329
103043
79178
169185
167825
137650
43991
79907
131013
9554
24022
109639
123800
6478
131769
102716
73070
139856
42822
124990
35097
166436
7222
140550
115300
55926
120883
155560
56548
155913
49585
156934
64110
144863
96095
145692
91352
80982
170004
3212
158460
52672
97783
170751
35350
53432
19995
26191
1214
95737
21167
32876
21100
37701
96823
72570
122905
10622
159708
124275
65760
162192
157876
47819
153770
36298
36107
41320
82645
3197
102524
135807
73022
17929
100177
114949
26579
27252
65810
80371
46438
82921
170536
119336
121959
49543
66353
123584
40640
54261
62221
124852
5355
173398
63368
21895
119667
20808
109877
46895
76299
79483
4657
168350
31735
156437
99597
61659
87980
17526
19541
113668
48376
177052
138627
65475
26343
117893
40896
102382
154818
174297
159693
47594
152199
130411
9699
173003
92719
16589
133892
26137
163646
125702
109693
29101
177043
151901
62209
159780
51357
16422
30985
120534
156636
152500
28059
147930
165830
113369
28901
94129
158013
37490
71917
70259
174165
102071
74777
157612
171863
47944
118849
69019
130336
35822
59892
115826
96447
108779
15244
95043
167874
63884
92079
140611
123547
3435
77411
77275
127849
61819
12346
42466
143389
107466
138783
102800
176014
13504
162855
11288
110481
80695
52089
138952
44461
77601
165573
119091
77422
164469
85260
63786
112392
82714
28160
170252
41383
12965
31508
147853
99645
175022
52326
147161
44802
51425
62156
99260
8899
9980
116495
68138
80439
93749
102157
167325
30929
6044
77115
52602
166704
92767
69375
36218
119835
66350
132284
24770
21930
96237
30873
47377
177519
53822
108363
170460
28960
94582
7710
49785
160957
165311
51610
111847
118074
7556
135594
41732
86618
9362
91483
151161
91281
45458
73385
87573
155561
82035
141095
63021
158411
123232
116380
32366
17476
113182
145952
137357
136225
78635
126290
175931
76519
73337
17700
120777
59058
71072
8006
113053
16777
164028
169198
48253
109611
139234
108470
37241
13681
62998
27399
113284
88377
146784
140605
83579
177173
32507
24274
72608
85156
87617
36378
92052
13058
15827
46056
44258
164259
119482
59642
131471
8162
79844
138307
66478
79730
76432
105810
110624
172267
77822
60444
17258
170301
82618
158640
114418
110817
119421
55382
13858
159672
105776
5891
122086
70532
114034
1576
122828
103149
524
95055
124014
138641
156375
92989
108836
134852
3509
162655
55128
67529
125704
48554
140355
33570
116821
123543
89739
27358
31154
60587
108823
162814
61078
124482
143135
69164
132012
111618
146755
153872
42778
150726
73922
153693
99671
128626
5569
159161
143499
23958
103883
167981
134198
139747
4492
150753
119990
12331
49938
112960
74735
106290
16786
32100
170609
88821
42021
152475
106848
126255
144613
112495
127623
55362
28850
94103
119250
12624
857
126621
67950
4297
91876
121058
88399
86996
14481
160105
145427
122955
148554
28734
51070
104534
54975
147427
93897
46575
46280
67173
85396
54729
88302
86402
40565
143331
129667
49960
80953
102185
13480
135099
145209
136569
39278
137632
88361
46646
46224
151657
40341
122259
157310
79006
28265
43532
96089
83455
57239
101953
25947
164112
3899
156140
164719
77624
49671
137323
106740
121862
69937
85538
157443
108212
39669
173250
79517
24233
175987
136378
68382
125332
59295
162821
160230
67302
165739
74916
105094
55228
142426
163779
87664
175272
2312
114484
115591
130698
123973
125658
66507
111044
17291
121378
142304
137646
29578
24862
169953
53984
23850
31269
116857
125436
170517
60841
134112
120316
76017
160474
162853
86288
88468
161414
87399
4671
98556
90034
120732
131637
14371
109793
159654
151742
154532
12064
14779
49539
75240
23101
137298
128122
145603
21144
18151
19879
113034
15729
58268
168910
129817
12722
136933
40704
42960
167575
144808
72840
73503
23642
47357
16610
58027
48014
103180
40400
79909
68755
144339
39407
100187
109142
14009
167787
88676
116233
128655
41466
59244
122999
47759
36085
28287
110797
19150
161780
49650
123258
12261
104941
21683
4264
160140
52452
158057
116049
30334
115090
20448
15092
34332
71402
175837
34214
19576
158963
84158
65098
173866
58192
601
58989
74508
31757
90158
107962
110070
159410
145313
40683
34580
22940
164487
167802
139548
158868
55506
171174
4726
135110
3687
167237
17423
151524
22859
8990
13306
69889
28568
104040
2144
38548
85209
164045
65230
32722
133877
18714
59420
99798
90208
109934
117715
7078
16138
153639
35746
111171
109703
168638
162213
13447
105210
110181
166456
153503
84580
58795
51597
134696
121614
12780
174925
163227
142655
131469
92131
29132
76770
134108
21056
14707
93709
68164
90040
116950
116911
20269
14639
156600
12777
152732
43997
85716
80934
78823
72742
57069
92327
134894
128227
30333
72065
96754
101050
128226
157213
77665
7725
138498
43016
8436
112465
14335
119404
48330
167421
147900
37010
43772
120103
78865
25367
27695
20826
172212
147343
47400
173749
77258
7858
17240
3587
39353
120903
96949
79835
26144
122441
54825
108916
74398
138154
121577
106128
126026
112251
88918
35867
93853
108855
135950
120369
66462
113029
174824
4248
94915
96072
159390
94874
14148
31567
152397
140883
170980
68284
56084
146138
56205
84967
24433
51058
65013
85825
132194
54539
92850
22884
78778
153128
175823
131787
79668
61259
50162
7426
154271
54842
114065
97432
60547
77629
17451
80639
16712
29719
29051
84084
47299
44925
175203
33449
136373
172510
129528
111881
69302
101907
59483
55752
93163
42956
14339
44076
176352
109641
30631
77568
84593
142358
103204
17201
136293
49599
97270
87021
101919
93358
147941
155061
76175
55185
59476
79565
41811
68741
106932
20529
150055
124061
38202
60018
171790
156752
169883
127871
86050
126596
174834
109608
116587
24721
136683
114420
99593
138649
49918
123392
24340
61124
103866
76654
70391
69079
134876
87899
156010
98461
102008
47978
61310
170335
146082
149843
12871
157338
51781
99474
10319
74847
85228
52607
93627
63854
2216
55379
175481
42234
102361
54236
132073
175879
168031
72099
84727
132792
87044
42111
55511
168500
37365
63862
148366
126480
134120
36903
34258
174262
129647
147158
173856
68532
8912
143131
139911
108496
124716
65919
70679
66171
58584
90346
29009
141652
84739
119736
151038
146935
53621
71844
53581
42329
177558
46212
13338
25144
127237
32585
63473
48826
22946
161371
152187
149152
3670
32407
22078
38928
52418
64876
124910
120973
5676
65617
144940
18086
60878
53965
127741
80459
175561
114375
171239
143893
104654
38705
15469
27208
155173
38199
63981
38193
161267
174158
139173
95850
129181
16339
100246
56181
15086
64171
86220
154046
176568
84747
113993
161469
156662
72605
96809
85919
51422
94561
159241
174515
107369
8480
6893
130241
41394
125549
60726
160493
60576
4951
93959
173779
56337
85711
39509
42276
153358
24465
94005
56219
19284
46733
39204
94093
135577
18928
152922
139263
28483
130595
122867
8242
41791
101729
164630
92930
69312
173686
38060
141848
118409
57262
67999
1050
23294
2890
2028
8179
100510
80998
162314
174937
44652
106490
37249
66100
49091
98567
16681
49898
21601
89535
86478
94340
7427
81138
22545
103732
164435
123253
95474
107432
55159
147370
138354
4124
135387
129387
11731
119828
57270
144048
43857
146057
31686
175692
141008
64644
134744
35445
110526
11784
66590
23313
115048
72849
69962
11152
21529
123909
65291
44434
8907
165287
148523
10961
173037
118422
163994
138296
13502
29259
175621
86349
165263
93648
144963
56208
96902
155545
68197
146850
46980
14637
76499
68589
138710
174173
101921
141166
83454
54083
104872
41587
174691
54013
27225
117894
66534
152918
52052
41725
118754
96699
59464
37458
98734
16776
99615
128759
26433
2677
31141
37665
77802
128136
13696
37567
16592
120517
150000
24477
72538
96609
45818
173459
87231
157031
5070
21767
113514
53654
100475
133901
138876
155285
110267
75653
41813
135068
165004
27888
68767
99378
111155
78820
110525
71265
30723
111725
34883
102854
60507
154780
37174
58397
158506
165650
121269
124485
81835
109576
124171
100100
49725
120282
98756
164215
51122
149870
15624
115
173000
64176
160610
159861
24157
4786
25329
51179
117553
116717
68450
30484
33577
73346
88169
177528
65067
19169
2722
89763
108567
24543
103683
60941
100306
159748
34374
106266
68677
86611
23732
24993
2856
164192
102129
148273
70551
142904
174252
119145
153812
36031
103471
129511
151557
106669
41250
71043
128506
81400
83101
79009
72470
97714
113146
167326
144423
33344
139572
153749
68302
86448
79096
166837
41969
144361
128679
135490
30832
55060
63003
115217
112003
41642
106251
12356
78843
77286
113121
946
69909
126077
95664
66623
172077
157413
16018
126564
130605
120775
151502
4764
137654
139239
10242
31312
149374
98942
34923
13087
3734
75911
137168
93711
130263
40880
147133
41478
41824
141431
6822
93168
89183
100154
110440
144126
18327
164363
116353
91459
130885
84885
62275
104134
118558
47982
103045
56565
127709
173235
143731
28700
160465
152508
128416
95161
12486
5651
168169
169366
66517
129959
134226
161710
52299
129765
101325
50608
103368
18442
703
171623
172712
139065
112398
144121
92969
32760
36483
97389
156690
71221
143669
137136
93828
87566
177016
164388
136731
86838
67207
129614
167029
54606
75444
114250
123267
59308
90220
163822
13045
92169
142393
1036
97470
50928
88609
83467
14457
129670
108396
25370
129516
89641
49810
156982
126768
135370
170868
174306
158742
125714
165259
5530
125146
71781
5113
167763
102200
25632
116646
68150
2882
43023
12891
40616
124345
90299
166884
173382
77375
112758
50457
76177
54638
71543
114405
151463
44885
90379
133221
79536
116026
93888
14858
21731
77448
158571
27509
56074
168623
109834
79834
66581
131851
153743
45643
53569
108493
140053
150681
157390
159202
134489
146626
105114
57108
134665
102055
140484
53317
17030
99391
60858
156271
60005
162053
151839
79807
133166
28113
83328
131493
167979
127277
147862
43449
121505
150280
73338
35079
44438
11284
46730
131615
117405
112923
108628
41638
19225
104105
60627
24394
38417
63242
113408
82857
6531
162949
89462
24994
105883
104370
113196
108716
104390
106393
149028
55617
43041
84011
70094
174642
88911
47039
165112
101262
43238
29119
86607
8896
106974
130438
35087
90394
17536
61034
69143
3040
145376
13515
131097
36108
7779
36877
115291
131922
97103
52742
129541
114289
66472
46281
95236
99006
166148
4697
47397
103992
30401
129432
21707
132656
20557
166697
54615
64674
123866
42057
105328
13471
99346
2781
127030
60144
152353
37842
4840
78271
14095
154392
145190
4803
87402
50438
79241
108544
176783
143198
142172
69552
135777
62912
70242
91993
73708
162115
108565
136554
94744
75136
85432
102677
104281
99090
22033
38048
35269
149487
76980
39327
5294
113246
122974
97497
153000
78646
83280
8939
65410
16089
106587
64280
93217
158
87383
19706
66885
76690
45797
23747
161465
8187
153905
62902
58600
6849
20633
102528
157728
1965
161486
8757
95056
61551
6295
110674
118268
112466
17986
66346
94514
132563
140074
168867
128002
133727
36904
151679
112240
63743
24321
149278
59338
147828
169214
160113
9116
30529
99801
18675
96267
80585
145049
172453
43837
134950
136764
14078
104333
15537
38028
89204
35561
159342
125369
139088
82881
93580
40755
152186
25621
34041
135353
104867
117463
133719
21232
171684
81049
107015
151919
16504
148813
14100
81643
159337
6470
64250
110857
88839
41192
75856
87057
88036
18306
39816
145070
132624
123489
102317
147523
3643
91569
134034
134570
163264
144155
63716
18599
71701
103654
78052
138025
177450
83144
55779
81418
113128
38470
23095
127519
135192
13366
101473
102331
11078
92166
20497
174897
115943
92496
138163
163897
11960
170129
150695
21774
78126
51001
94472
133953
112793
101928
134714
142815
4958
38536
528
76090
70440
30970
170134
26950
175929
64035
86372
1018
55891
67499
109986
131175
91179
62247
23018
122469
1054
63272
124030
105014
28137
81461
106133
124039
87976
15915
154173
145788
136759
101495
122953
87984
1285
139566
72751
119354
128860
53815
176422
171864
23471
121456
139625
76696
121083
127747
91403
143429
48560
164084
165188
13987
138393
44187
142150
36130
98386
101492
55567
100444
50776
37954
165377
104961
177205
67226
37444
143262
37433
166539
147239
74368
71022
88620
167360
246
103792
8153
95174
73939
108765
62496
25652
72658
37172
158693
111349
44529
173995
37482
83029
157312
171273
114987
144231
127913
26346
30413
52239
134536
63102
52606
56223
125278
118929
27438
17235
8688
29149
76922
92642
110083
92466
160269
133256
54387
49011
11817
45998
175917
120892
28556
96803
138281
66136
148417
54598
2947
75682
11206
72765
78742
27088
96901
161906
158273
117867
32071
118240
140701
60260
47301
83659
102009
98871
82303
59808
129098
7048
3092
95556
171913
143727
73850
154856
33186
175472
70836
25610
3599
58698
141956
168487
99483
139122
30875
174187
10036
165600
154348
61261
78329
143146
134808
103289
38105
5935
81293
11580
11792
156313
86946
87123
133950
126602
93316
107457
4880
105467
21875
61915
1533
174231
104738
136207
146357
97511
150458
34892
95775
65638
24024
67246
109353
151370
17984
86756
158354
18139
3283
60107
72277
151795
12742
36296
145339
28488
2069
77295
108101
160756
174321
109732
139356
40285
24263
163095
173982
119870
94583
167646
47293
64862
4551
134712
45092
51209
41012
19269
97277
159529
124571
10026
29505
82410
113438
3216
66427
55735
163426
117736
69381
137159
59106
19343
154236
103830
16632
39446
28449
149673
116835
28180
127408
110568
25720
47154
46813
169639
37922
120306
165891
56382
151425
82771
57459
77436
126295
174770
99729
122054
164602
1029
154922
126933
140027
140946
135015
104266
129962
56153
287
105254
158908
153381
72465
156357
172458
141910
158715
124422
6468
113632
37202
85316
142076
130721
74980
16530
25822
16724
50592
81368
89581
91917
102533
153938
149099
110849
14357
13940
61547
132895
33026
153552
116849
170760
177355
177216
107257
148683
134875
88437
150246
17464
59397
30936
17622
37409
135688
103244
167007
87328
35128
72460
107444
111962
62107
56246
163943
53235
46125
77747
102114
34449
60446
23055
20756
57685
163836
16057
102714
162962
176873
76925
24037
135144
25518
99844
44563
14403
101387
86073
118137
130191
56940
28111
159356
137534
1250
101925
71215
167828
75915
85452
162449
23837
43151
124524
19133
131842
106394
8356
23013
168802
48945
137548
127010
165174
106751
40835
71797
99158
81769
76272
12873
57914
129781
155853
59944
149718
67037
153495
63275
119639
60570
68304
114580
12035
150727
28601
151046
19093
6385
55246
134700
99646
150435
21020
58693
55111
73134
85393
62889
33684
12875
174919
85417
108612
50403
154230
172249
27830
120679
54388
100046
52869
23873
146084
79138
17872
177567
164672
127384
119694
134152
36117
22189
97273
38671
122395
137702
10708
50821
160545
107262
97053
110174
146986
685
147301
35247
122178
145211
164065
164252
28171
163471
110010
117205
24104
127857
33201
5693
151728
173989
170350
92110
1440
905
19006
37292
145928
175002
157258
122931
8265
92341
166865
140325
139696
13767
126216
160229
101421
22425
81887
102409
26841
3723
171203
80452
76150
77234
105348
145910
141560
4159
134782
133186
169179
4087
129549
28773
26533
101997
25385
123867
39591
44863
98972
121166
87425
100274
31344
38976
29564
58733
115292
5472
159694
68100
132230
83663
91926
43753
28764
153252
51797
54607
92346
124676
82100
123988
138617
83758
163132
118517
50828
123942
145514
57869
106893
77212
39333
152993
172126
93453
140535
92303
130040
105325
43087
94216
135775
98038
151538
140102
28413
116975
42631
171426
109379
128832
146794
33
144667
13368
98620
99637
140256
161314
122204
118030
16460
65911
6675
110434
42243
85184
23614
44019
166156
125693
73771
79324
143604
57618
42428
20816
51253
72321
65882
79438
128117
148920
6374
26858
24204
80275
37499
149364
131140
135733
169248
69404
85336
112754
161186
167361
173160
55945
100367
23720
22345
77674
68978
155588
87453
91653
32929
173230
17576
135969
169932
53028
164578
50801
126637
49177
31993
32630
52270
168606
8449
53406
103009
71553
156605
165550
84115
97750
172518
94154
127386
36622
79387
163945
19145
166676
63192
84387
87006
41449
99696
124072
71885
65905
167741
127903
159653
111981
132579
174149
30916
74698
17762
88312
64653
118454
122120
76584
154921
129071
67918
129446
27934
69337
70832
124983
110814
175568
109567
143281
16358
142891
140060
165340
27587
160282
20461
82317
2678
65723
175180
60414
55179
76349
41058
30357
78249
166578
108840
105634
164507
18734
34905
131062
5997
82707
126158
60960
26179
5189
151018
79678
32342
96961
134897
48993
71250
154615
109086
28140
102080
100512
3743
159107
91516
65811
101444
117541
10171
57061
80777
24008
118944
80222
102433
124386
122585
65931
110642
113295
148386
69231
32073
43480
77084
78098
128197
122265
54432
56681
80040
54498
6170
134796
141834
18038
104884
159560
22497
26437
94593
13673
160167
97285
176365
42485
147861
46456
32877
111384
5342
112144
156332
42705
149733
56880
10016
161867
13249
159885
98384
81949
55018
91597
94361
124759
163163
3321
109151
142990
47916
173446
123301
67848
39931
148325
153709
75393
30084
35344
30434
101313
50402
79043
76842
138881
172440
156856
111204
102888
36414
115437
160912
100323
175806
146766
44698
16115
145474
111541
89139
160747
89438
162989
61930
18420
163187
114661
6368
69230
142948
75327
75532
149960
64301
6957
63004
144870
153876
83643
13161
160531
77389
53341
146869
40999
145299
28974
25699
103574
15446
43298
48607
137331
91371
115762
60030
88311
157883
38096
173842
132820
100755
105927
37896
134199
35895
97672
47651
96718
45136
140874
141170
7025
108065
22074
81446
82158
174620
84324
10787
120366
4994
160488
125392
87333
162454
130413
27261
48977
3894
152604
56406
125326
175461
139447
58569
79530
22552
84063
50328
116744
128617
17935
25249
100662
128973
77586
76131
8605
114282
160273
177035
146843
37944
53181
131324
33858
103780
103549
105396
57152
134924
47983
149342
164255
55434
127238
118674
104078
164049
25319
124224
55784
43110
30211
97107
150746
20302
74031
17376
117707
162991
35554
35430
160429
107336
47895
151508
85373
29092
11809
77206
106212
63898
72438
63964
50508
124572
68320
130754
35493
133741
66123
3611
111421
114093
24488
125323
16718
34652
55826
40912
64956
7821
2532
105414
32279
109568
97743
31453
14656
98168
17384
102196
46318
72561
25332
80231
81556
123640
7473
164995
136820
27429
149195
44625
128005
69436
125913
140888
133711
151721
161790
50121
175055
83669
80706
176580
65470
147766
172770
121838
113327
109522
104074
88529
169781
135489
127160
175766
87307
153263
147329
2170
176916
159414
162956
162370
40823
59382
118980
19071
66302
43080
98261
52073
81409
58787
24730
74083
140278
141542
45505
59916
90911
24938
72120
28469
45971
93080
135331
92254
129642
39795
48752
166911
70233
12490
172380
168672
59321
97390
153296
16566
27898
3957
102900
105098
45078
67884
146170
136256
26171
101708
134613
145702
144760
160312
123965
148522
171369
38576
47059
176991
167756
23844
70029
115856
29007
78045
29414
25493
48310
104239
89544
27342
125274
60777
42604
161747
43855
28313
68563
14121
132017
136304
107026
111113
84111
121392
154017
80523
158069
117269
161503
113908
115774
20464
2976
110317
154501
122440
73450
86115
103664
21033
42326
81775
103147
6086
43636
4646
74598
125694
91414
164998
47210
61423
20574
127859
152283
87725
104817
145905
171272
143620
112219
101031
63948
36819
130809
8211
64675
139811
161648
46634
80545
15347
25480
83025
104226
41705
21507
30225
125285
66880
139544
104939
25841
73674
3513
53852
85055
54081
160409
126061
46267
140456
22822
163743
1511
107279
139062
170268
156337
35628
59522
90096
103556
38967
159435
122911
100653
94581
86058
38687
175123
19520
89604
60838
31385
169317
22173
159559
49223
133929
21188
2586
133103
31528
158817
86412
130442
63624
110072
122826
149783
133714
20699
131873
140022
8100
175137
102218
159851
108082
135738
149956
38819
102806
132948
143570
79253
111955
88370
109804
122492
69926
52001
37669
123474
110582
2374
124451
115642
166927
33010
83891
174238
25772
41745
25587
166031
113212
56304
27370
106531
36253
108733
8351
28887
114536
66482
39936
154131
133942
78557
15599
159591
92028
20413
74271
157295
148579
61666
152255
101110
18583
116781
49452
161854
145221
125266
88177
165450
98368
39037
39966
90483
92058
105304
176179
97130
175462
21258
2146
164661
91215
44219
154436
80720
177128
82210
157604
161137
81490
106946
117264
37521
90756
24326
37644
34733
138240
16497
51114
156883
174225
83414
61166
135082
95524
132780
83798
74282
176617
113926
169590
33952
103122
133515
64834
118701
92539
173715
170147
163098
16784
21990
161171
160680
140202
88976
81355
54864
74618
57419
169175
134118
3053
76727
39182
93317
10751
141388
177176
80335
15932
133470
99153
93919
171866
89710
153426
174430
8437
49310
61611
64213
158239
131167
130493
37470
149248
10059
14436
61155
47736
64081
113367
9139
98898
137167
139046
47161
40387
40549
21358
103005
29315
139549
120995
61989
91271
47813
22835
102136
31970
169532
165148
79643
138309
32555
39978
122901
171870
126834
95934
69347
167112
108757
8676
86285
10474
33147
9600
67074
145215
161339
63337
165726
22161
70749
168276
22856
16451
155508
163785
41621
174512
73566
92562
128584
125936
39933
101511
169001
34296
50839
36893
140936
49666
25333
87813
14374
156037
93861
144116
33165
145123
156571
62287
114509
129760
25278
166437
603
22107
122520
169623
142128
98547
45836
26489
135172
150240
14305
131804
123656
151702
30513
73326
31583
113700
148171
50843
124151
69941
103475
96387
163410
69785
38595
105255
90371
120501
116843
67439
7499
22339
96281
3392
19765
107203
100009
107478
71533
164223
158176
142339
132529
68379
115393
166374
126406
145081
129085
70698
91522
29850
119642
127094
115533
120253
17626
105136
173770
14259
122756
155284
80571
33900
15242
165066
126250
137027
103722
96113
62300
142306
103972
87484
26661
107101
124915
77339
52636
133542
93199
141162
20111
16877
97858
69326
138173
25517
122312
116085
126751
32793
35828
13636
138454
56497
88898
38784
148605
82477
3608
168732
25875
61918
151261
176418
152440
84984
2264
57392
169347
129290
8135
152322
46861
67664
17088
30957
171057
70887
131696
11642
69655
61505
143539
23972
77899
176668
133438
12496
61285
123366
87918
48901
75888
68176
117666
77783
38646
165658
144256
7782
4260
123891
58122
51064
88217
149703
79641
106933
83794
172582
36623
36875
151052
28510
150651
170969
76774
85284
105455
118482
114313
137719
25578
110507
84950
78888
83084
88643
14123
56269
105643
20893
129905
94263
154465
104926
170594
112986
22929
152588
133366
60693
158852
103562
147626
69691
134208
49664
162689
82118
126080
21583
127305
44690
147567
124044
129107
32595
120238
142106
104629
133835
45082
51112
15756
37209
88635
101502
36663
40930
61012
54094
93194
96908
127029
152573
38315
82509
1438
62452
50079
81420
98068
79075
127476
20566
25371
76893
129721
145093
14146
30576
73078
122342
105419
11022
44582
162877
72816
109392
55083
9310
91642
122172
91475
173203
93214
51617
40723
102464
175945
53598
117869
146998
139429
147270
5453
70526
155251
76958
154387
48777
136209
54185
129995
154693
24392
123819
67446
54181
27927
77910
53751
107557
98830
155857
175663
105730
10510
90723
109375
132693
108709
143065
78212
59179
131289
16768
29886
31012
120212
12322
136793
107341
137255
45622
171797
123760
55460
105222
145374
51918
105681
47045
169584
143876
71097
49557
172029
7701
120473
164153
93671
161691
160222
62793
11615
86739
70645
159103
31987
67514
151454
9151
63572
12233
148375
139070
63567
80431
107092
138673
16412
78701
61245
55682
9989
117911
113621
27568
121859
79512
130511
60563
129788
96586
91781
73892
177186
145711
110555
25669
158109
45941
33139
164190
145894
169829
160987
129875
11064
56418
147153
24061
9519
130478
44317
164284
51817
14629
77420
65011
113256
51138
151872
144696
13738
163053
38109
64666
126538
23279
162624
135419
2055
98110
83001
143985
133307
160668
34678
24779
98754
173838
107847
64627
69010
15130
29756
53222
43638
17997
69157
103709
8276
100053
55211
120545
159212
122833
106011
72556
133907
13729
100970
125743
52526
6668
74109
6471
114983
107988
5147
159811
14342
148537
113724
17215
33555
55817
132667
133791
124718
13621
94242
25135
128032
92648
170092
18146
164367
83249
168139
77600
127054
169293
50689
120877
5054
143213
74677
14372
53746
68926
28107
56944
176367
94358
86149
71609
133971
66430
4703
175944
4609
72404
44072
121635
63134
118044
117464
131759
146406
16104
159579
91611
119617
60488
62230
174437
66595
40751
108514
8213
110147
22477
33481
149800
146381
133201
26238
103580
55522
78085
153219
50507
148691
34111
138489
81473
30776
29475
94940
64899
37030
12463
45106
59448
33713
117926
91280
123987
151961
108050
118699
23316
112698
119692
3479
123313
77914
158606
53096
65285
73107
172277
20192
171829
88899
159199
97983
45555
93528
158912
108613
171314
139207
61635
125200
32692
104432
32033
161617
118938
115799
10801
26959
168260
177289
10418
130050
34934
60826
95052
173449
132275
151628
91404
90980
102497
83574
106829
158250
52482
3079
140388
82784
72682
46012
58798
65550
46584
27369
26816
74523
85819
22878
37144
53457
62572
132520
122012
25149
7597
409
173034
172545
51368
74835
51629
28230
106939
34437
145537
123863
173108
136928
51564
6113
78077
106690
117514
80845
62408
36078
5574
89649
59471
12174
11646
64541
172709
49774
166120
28875
171992
68170
124969
120395
95032
159191
110203
9062
130400
161899
114532
129295
74334
21129
162521
144315
162834
132081
126013
169941
1497
110725
33331
25009
81740
136962
9643
141659
158821
156007
76276
49689
148902
97984
44395
44080
146805
114975
110018
110871
7720
98017
113530
28744
27341
113546
118824
48496
78590
65581
3473
4922
172893
33988
58735
69874
47197
146597
120088
141364
92087
28838
142203
27257
79738
62682
167510
23579
98130
1427
46879
129540
70559
78316
127489
103183
42780
44166
147924
4936
133836
125030
153612
64347
21325
34858
33115
9418
149737
156081
90713
56425
45037
66374
155053
148933
52940
2102
49476
129448
32543
15953
79938
170897
47722
26494
88184
76683
65420
122916
69844
36364
160030
149955
176533
95769
164861
111833
75998
86342
32315
142622
10587
71526
17219
79184
123829
28247
122554
134349
10340
45463
162278
61544
151488
162519
34100
106460
67425
164817
26597
103902
57464
155632
68900
61706
90931
8499
18544
29207
30014
160951
116419
166819
29708
41713
13609
134648
88758
16823
123197
170715
61315
33911
128046
100272
141159
89688
98052
136690
37456
50331
75853
171833
80721
132323
44942
168560
564
112318
156650
94678
33958
118084
106590
6974
144060
77871
106205
122996
104698
167142
149659
102686
52445
153266
15896
102573
119973
40979
55843
117279
102396
122625
132166
44879
705
38441
160737
141851
8428
71593
87530
89804
140934
145558
39529
36631
145818
23064
169192
51917
14379
89271
128155
95266
27621
166615
51849
121834
148207
60305
9677
8978
40678
144879
114012
168004
129961
144483
85177
17551
52915
97238
45298
38415
72397
63088
26063
87286
133226
147030
156134
106330
62697
167040
63333
170215
33589
153837
27999
167252
168746
16161
17468
26008
111536
69099
94011
53979
137766
149017
70044
38349
25039
121526
43278
111735
137574
103530
40602
61013
110397
49066
26568
8982
90268
75565
133067
17716
74019
10476
13726
35001
89209
82513
39057
7540
168075
5336
131972
72430
159532
153606
37002
27319
131520
175906
1732
91468
73481
41796
4916
90747
65989
53206
127267
78569
134631
50028
68793
88567
152309
171665
49100
121612
129227
103412
43553
140847
76697
22972
47214
68831
96141
30258
85193
49654
173050
15978
103391
61509
41242
69090
92049
62341
9277
97490
169869
163332
6123
68499
153795
131131
63761
62474
121764
34475
144229
61243
73631
30033
153299
84714
52623
92699
1884
129557
4475
59452
1516
126382
149541
142710
39647
167550
117747
117701
142005
14277
27249
144225
119812
141739
50747
55205
12089
126920
74781
166857
6256
142321
142427
33043
173549
70392
6463
11933
55683
68680
102272
87523
61147
59103
54118
85179
135443
46069
109847
38175
171676
81250
57388
39
126571
149750
116447
164147
28414
43501
126353
146298
173529
107620
158133
1429
77946
65427
35190
108607
151328
45624
171907
13044
127234
140307
114602
156897
124005
61890
153576
95752
92568
143846
99795
154703
117390
99227
56710
102755
21796
27356
170831
22911
144235
126540
60225
146316
34409
153849
133048
81100
160985
173404
139982
156984
150926
5155
97861
113055
77408
22655
20220
55154
92613
170919
131254
36271
83124
82909
128732
62888
93096
1292
139977
169139
117245
86721
47773
134107
31199
28983
68035
6308
74385
9566
15788
39512
50102
157862
30359
38839
125005
60701
126217
4237
125282
54126
66607
79202
43014
83402
85084
98105
132960
59504
60997
113443
16827
169596
79432
33802
120474
157557
108172
47005
111019
140820
104043
54962
94585
27362
78706
116073
89666
58961
138291
88988
35020
7709
124366
166577
105598
93991
58051
126917
126296
11785
46500
166967
128597
14595
38076
148056
108287
150461
89167
125906
67185
27783
2112
34965
37200
161245
95678
146516
165829
121484
157064
103834
40177
43549
138590
143363
41159
124607
161467
27270
124573
160445
132692
33334
128261
108922
86383
150715
175939
160755
14677
136911
175228
6334
146098
158189
101973
135320
72877
65710
148734
38247
70417
62299
141974
96229
1585
169540
124077
129634
90461
173896
49279
100688
2896
67328
115776
18766
25308
147083
176070
148407
51320
81424
153108
71239
129773
42964
134707
108706
28994
117361
126466
35393
158970
110227
142103
34386
39217
143177
32982
9225
51251
89152
40641
119979
161252
6728
100593
83149
137435
36925
105672
117777
104652
3783
8435
105735
148009
163359
30840
118630
20359
60301
157571
92281
12134
72511
61594
47152
129665
97701
50633
35414
95247
33861
32680
143701
155851
157842
79629
56279
52399
69026
34127
45275
57271
10261
117145
144563
176399
29599
98900
33738
166042
61082
98741
70965
98707
89348
161195
56780
58081
16852
141554
135797
141205
37083
43097
177078
123160
7310
77585
155371
66551
17647
173098
120148
27562
67517
38817
2822
73483
71324
174122
49993
106592
106529
168956
123136
174816
116395
27628
3183
17744
110508
80884
138535
93224
148436
10285
140728
141274
116212
168519
177294
131639
59399
95053
123382
20180
162896
26298
44024
63131
158262
116050
33799
176626
81655
77954
120873
160321
81087
128748
119105
75194
68255
120459
75203
4719
151469
76375
65815
128192
115251
22059
50999
26600
78273
126723
149731
88419
124598
71299
31011
48806
20694
27958
5060
87120
107639
153983
9816
69270
128961
47957
135374
156868
65725
132771
18094
68919
142980
77897
28518
158117
55054
148787
109258
26796
41102
99922
105125
140835
92606
125624
138934
41066
104411
118345
170984
118593
112373
28658
49329
21470
130796
69759
38226
89518
125078
3277
63628
99139
56840
1824
66370
113958
173447
156444
160605
122854
77351
57784
94893
115194
1582
78127
60842
137847
63257
122417
82281
42360
108447
85182
164067
66175
75556
173488
134331
134970
79769
70171
15328
28189
32969
107212
88176
110816
166961
19205
171142
31149
6216
108012
162230
171533
12535
165218
21300
67589
102198
2650
93063
83354
101726
10499
149794
64938
7963
120242
69857
92604
90624
28810
33377
122753
78111
64791
161143
170399
23757
119533
14719
25683
45767
65117
9812
80484
15960
94536
37774
116423
82069
129161
155096
82053
158592
5486
4434
46143
47567
86096
121947
124162
6798
158177
112030
81727
149295
118370
151125
38737
123838
32796
139113
117556
173261
114838
161159
89320
153117
167184
37112
7880
141643
73222
175703
130468
92041
169828
119347
8818
17565
159969
66179
17854
54650
151222
47907
5064
140482
45278
42805
32280
166232
1344
2101
100474
91109
50754
87337
137945
59085
146168
34396
112813
72997
23109
55005
140294
35005
139603
120820
37917
59237
107509
20891
23590
24409
71546
56865
13424
176369
118455
34783
166623
115777
8520
139135
44911
38432
61899
67757
82207
59884
171042
89960
29367
89704
32137
119951
7304
90633
87850
172189
30896
27987
91176
86263
70403
11427
18683
31028
67360
27104
59352
1522
175498
65529
158987
13255
178
1024
87169
55711
27535
31939
130735
173746
146939
36332
140443
132586
118926
165130
146474
22374
106728
50866
51692
75041
177300
159058
68808
175646
95492
145396
152192
100221
90366
123996
28244
53488
73856
35567
78503
4649
30610
110594
102558
143216
148254
46505
138003
165335
50643
28904
166274
57490
5521
125544
34284
160769
109736
55010
120197
139541
126027
115879
120265
126611
96073
68163
159258
31776
54375
64162
81822
48513
128902
115651
140899
101587
140033
124847
148419
136714
25760
3651
126670
169125
13364
25790
130987
98541
58724
5945
59267
174292
131075
107706
163144
8415
123305
31645
52667
77043
139630
67496
102215
16717
131998
11223
46232
117687
95081
5274
131050
44843
4679
11188
89473
70507
42605
97014
4496
85210
78207
59903
105256
38430
28012
156720
25167
121624
154967
17286
81788
140232
12967
16410
137055
12323
70611
143106
124690
82886
99036
58352
69996
65216
103564
93997
140945
83404
108392
123390
14638
6474
123627
175985
100684
162079
135322
129392
121629
135430
62748
83449
40059
40619
59771
133815
52436
31022
20125
120477
92745
151211
18509
110860
152514
38484
123125
151929
1468
102708
827
59419
139406
147129
79435
7993
121042
46080
68866
95631
115484
102823
66267
165765
152279
43272
36597
13420
169060
135735
159678
99612
45965
139282
143963
173874
148306
108954
160375
87535
11100
69186
62510
1409
155589
61558
104556
130949
175711
66131
16015
165549
7570
126235
173138
86764
31842
41996
99925
43477
80364
83312
49312
127886
60376
18748
143007
68990
127532
79817
121714
138207
44248
134816
128539
79773
143918
115376
120522
37335
143887
9375
73639
9589
92467
53445
116336
9668
131355
49386
157328
56693
60467
80989
19172
64886
36716
91978
15766
43220
126451
96002
128763
31171
81472
3031
164128
111662
38103
122037
101970
24545
17788
19614
13400
158519
21140
44454
62887
3077
20011
167724
23367
136991
168707
164911
47586
108975
105779
149
50613
144189
151304
81159
72303
166551
111498
118099
117249
53718
32742
104720
70200
112540
63734
102206
28371
167910
101063
85488
34586
104081
141407
35824
153900
157950
72895
31810
24636
175273
155579
20178
67874
30578
100657
83625
173328
24110
51017
107277
22381
34406
129344
98104
80829
40808
24069
30749
50384
30637
49243
101733
42596
139643
109689
137138
6447
68277
141598
86287
66158
77671
86881
169056
5572
125359
163910
49093
14971
38280
144762
57962
154012
7307
123751
47170
85455
51018
45414
54548
27169
177666
51666
66471
46626
93065
48896
152648
91894
173088
166233
23192
144405
31668
50243
31893
117292
102427
59683
133271
165709
75047
28416
14670
174952
6401
111670
103740
30826
21291
4533
36396
61682
9940
131952
30921
54335
20398
127788
51739
146776
158128
94094
39533
131044
2724
130999
30773
75993
22996
165652
128467
59561
141365
68939
74806
28320
292
142570
8484
29198
169446
7289
135042
43866
43891
34588
144201
108978
82849
139510
31650
27299
157570
153448
96499
28703
132889
22309
57886
113593
88033
130862
44159
88926
150456
170376
165954
156593
151574
125818
149392
82046
111281
74901
114276
111701
90950
161853
51587
101392
155183
142536
70092
150760
56588
94543
43277
129653
21339
27820
20123
160436
149166
96274
69159
67359
58828
51451
139910
153275
42085
56883
78199
4368
159007
64376
7329
33690
141621
103356
28630
152646
74545
7140
94816
112417
60063
47369
1667
67265
152955
77330
96673
138526
131863
12960
161068
100361
28705
62765
91259
12472
19475
130657
97513
33778
63438
72287
61284
38110
161139
138198
35740
74103
134621
112666
130627
62592
34992
38644
24254
4876
60611
111212
66163
79224
96327
175318
148157
22384
81246
132990
64050
27406
142177
44260
42760
88760
77344
147361
163023
357
163678
132870
115996
139380
38793
69068
134887
166700
92735
132923
128592
80618
36759
39044
162640
152234
173992
26932
8994
160745
42513
50686
138356
117459
7519
21879
91565
152481
75533
97973
164916
69318
70202
62701
16710
66585
80382
90108
12650
135154
117440
159704
49105
170345
122651
165073
102254
98708
95504
20925
76212
105147
126868
23532
11255
151893
1390
148914
172735
68986
176679
171280
41546
10519
88817
23446
123561
73
156319
172894
76761
128755
56520
56004
98786
128944
78351
81683
52991
152745
85609
76291
35037
39605
114559
87116
33106
165283
175868
46665
155629
151385
59947
8079
125148
3922
49630
134070
69341
137657
172009
78416
155960
43078
135867
159398
129878
9611
13436
124447
93329
110760
1005
163440
34933
103294
61608
5890
90664
71421
56007
147476
27845
83632
8229
100704
177539
101822
114482
18116
78090
164957
26164
99677
163526
54150
10343
116867
64452
155514
70367
51901
160748
41841
127608
59930
116090
172066
121980
91662
173817
82542
15525
31600
23513
130676
121775
161366
124734
171328
134473
12623
28151
38307
170162
32601
27460
108418
60293
103906
3342
126678
147389
46909
173910
45033
70104
60705
132770
140044
32065
91728
118848
99873
152597
75179
50257
143904
111759
113331
169729
127283
55090
137226
13165
106657
163364
147428
88389
36157
14617
98219
4324
4915
95553
25763
53558
133485
14982
25221
81035
15829
20318
133445
156669
16297
143615
150800
107802
64810
19886
154433
125923
98299
1510
60125
66719
64417
117566
111822
3229
73647
149744
108720
27167
141601
145046
172395
105000
16711
101242
31609
72464
115653
43887
48907
80646
136312
83764
64743
130888
176747
123541
131533
74808
16134
60883
160446
41934
7792
108532
41304
110204
133998
119122
21250
21086
11047
117158
66753
20831
174710
131548
174464
10806
103317
131246
171786
149466
75722
51846
170285
70080
33688
87261
93147
106203
72067
47015
13929
174419
120741
31145
130296
40829
110932
112700
16762
48098
165273
171703
8232
43135
59528
134998
69150
26275
88421
171772
91579
149459
163696
87983
87249
22873
5995
52633
84960
57782
27740
177049
175644
104684
164673
31614
4999
153489
140658
44883
98355
143777
171064
131354
46536
76005
116087
51500
85155
819
68415
123585
156104
104412
21368
9701
72763
177293
103111
46423
140006
126009
62373
41897
128806
168969
69148
127474
97756
161331
96997
38835
150168
134828
137761
43302
110386
154884
36004
150434
132841
163103
25379
51177
91932
2647
148249
33002
130526
86123
62463
1337
111100
129063
39345
61054
45534
89210
446
77358
22230
170973
57278
122097
121502
174551
140944
122311
150740
37319
24431
40189
63068
127651
143764
161096
21186
52481
117301
99028
35320
69560
63801
54685
153873
42344
77407
15894
60879
112974
176060
144284
6431
141580
114056
97413
17919
177463
16328
2282
33992
138463
89409
72552
135174
125972
43470
107765
114535
87026
61919
105416
120586
167714
93629
8228
110431
107396
135762
28823
12555
973
102029
148695
80475
125716
121884
8935
69557
164875
163064
167122
147306
146484
107109
26180
92948
102697
163192
159245
109214
28742
125437
15322
24570
100777
49559
72831
15349
42491
123293
68914
62979
73011
143667
42681
146369
57893
111296
150847
105425
159611
138790
109315
100933
38731
152399
68734
82126
87868
101207
29334
100220
154019
13415
118993
1916
53775
80594
119622
152980
23467
100622
134393
79687
169069
41597
62170
51408
137487
159857
26538
39107
70712
168226
170116
57090
47668
27627
65444
162755
127058
100845
139109
7030
3460
175691
131313
69708
48725
13663
3266
24422
109069
119915
100880
138273
101825
169246
67541
112857
15630
22402
72978
154588
2559
128736
21319
138755
25034
55396
142879
31513
15310
153241
94550
22302
59251
41660
83446
5523
167105
87132
28206
64709
76924
1503
85462
32085
31323
145642
27904
75986
1430
151282
2232
96687
34223
28362
173049
52488
44623
71882
58800
166404
94863
106281
21697
91082
469
19238
71246
23923
111453
128234
4366
89942
13412
153181
126271
148287
97239
66388
98569
95651
76546
158041
21226
162626
39442
147006
68267
80081
37196
11306
81975
68451
134063
136863
108417
153562
163348
106698
125741
83744
22992
71001
119635
24666
133189
173384
85269
44847
86507
36360
105301
154732
45781
101161
121263
75059
112481
35972
141972
45748
111472
160011
166045
129298
82732
80874
32805
44805
171503
87606
133509
48448
31320
165744
139845
47789
97656
154004
66264
163746
144162
70444
36656
47749
145872
98248
45590
142369
12435
70188
18403
34606
33336
36976
101556
102376
5595
37994
94042
61182
66969
45308
56650
95332
148595
80734
13284
91131
40159
165758
26011
100070
81881
32129
33208
138774
131118
132296
127194
68668
126357
9557
119047
152154
143368
175221
11141
3116
60000
47368
142742
157208
137212
129519
96218
59445
68791
24000
133688
27455
59435
21512
117102
157469
145992
13292
110803
106176
32147
139842
25064
108197
73530
147368
50541
152721
172400
143831
169756
127478
144512
112419
142674
113067
161694
96854
49518
54319
8561
59472
148505
143267
133676
158735
129356
103877
25143
164296
64223
7192
85134
66693
66919
134244
25405
81690
7353
25844
120961
110981
94938
55544
92002
45018
160524
119234
86260
46312
151810
65795
167500
109876
135942
141478
71191
139829
60483
67362
174589
170320
146592
27414
89854
141615
143026
107693
99735
113974
122035
32186
60162
139949
134248
144749
151423
158942
250
36511
40023
63514
97646
52275
168252
67718
143880
24933
118716
58542
149385
26664
171991
94883
171279
565
110901
128341
25630
143464
151096
9000
171096
126258
104877
129451
102204
121511
111622
78951
16073
125169
131052
161929
137683
35962
68708
13822
65879
161152
53451
52977
93512
112420
16552
123784
150842
113852
76452
70030
53556
54544
54434
93130
47322
77414
68569
99357
33974
133696
65486
173439
53860
24567
158914
165005
86998
112723
98950
158712
84439
39780
125851
76557
129396
18375
27872
112639
112580
42233
1825
110272
160415
574
55309
19898
37723
69368
64995
134857
160420
161447
572
3480
32575
127302
143972
147205
151471
16893
151216
8219
170213
25424
169952
13270
131939
117969
163151
100508
63868
93832
89404
55082
27190
83598
50900
170037
35505
148702
3699
43471
44113
5427
96716
138568
119954
165338
137635
165986
9521
50783
148319
59440
95864
173837
99065
118841
8750
69918
144427
37630
173300
79785
22252
70256
163448
132346
107291
16369
136558
26249
1722
124027
65186
149395
130746
167617
7618
177674
163756
166768
162665
109411
30406
139126
50596
80300
14344
152476
35864
135580
25128
114103
68906
128898
155181
107711
49003
37823
3062
56089
133233
48120
151953
74925
52885
172808
12062
85107
118650
29596
36796
90033
116573
42595
20584
156829
37883
123706
110608
98351
41177
31417
168058
70719
57074
139827
140604
170624
39006
68241
139319
12681
125319
85608
175495
61085
13834
46196
4507
72640
11487
143826
113779
78428
40756
132932
166063
127278
146689
175302
38790
156890
162738
110858
155537
99946
62062
101709
21674
130337
26933
162653
111798
123660
1687
101565
163881
52994
13017
78712
109984
138613
155187
100747
28256
150541
144851
21646
60450
143302
19116
91362
98859
28976
48683
16437
167937
86834
11004
11086
113750
155771
52802
127123
172438
9708
168266
41343
4396
47445
97166
24078
43088
177314
123175
153367
90926
164200
43513
6189
55692
112317
12867
167738
145566
126007
81048
124104
79972
138729
62823
115951
98815
78219
28169
49732
153445
109202
95208
90124
49017
98563
14807
160359
7261
32373
117709
105869
95715
97028
88395
20759
101852
136572
134827
162787
115648
99591
166593
11728
46079
2385
133396
64796
62316
167897
149186
23638
61920
32133
140541
78839
86158
125039
140416
88289
157134
144127
26293
156103
166088
138018
18216
39554
128084
24366
107599
125663
84838
2600
118656
166004
86022
177350
16183
159505
130369
144346
162845
115809
71821
137158
38167
42719
130808
165679
15410
31830
5515
80857
94908
23603
105049
28291
51187
58391
17266
151108
158787
67026
172282
64638
69626
141820
31467
132207
56117
79822
120970
126936
158675
128729
83671
155992
133257
117128
142413
61409
34394
16920
62245
124004
51014
146663
41874
119925
66806
104781
92928
162675
144516
61076
77349
64988
6514
159265
88290
14840
172253
51326
162757
113897
157523
153222
46070
97734
164837
177672
26529
24300
17795
89826
128433
68223
164801
117424
51974
101735
58847
11723
123661
136244
83884
62575
118061
150596
25445
78953
22048
145782
66160
10102
1815
12727
53923
90439
130120
95723
169707
99822
167508
162262
106758
54424
118296
170775
81146
152310
131192
97939
95095
41650
101125
57487
111512
91191
89377
8038
4154
12187
97848
149046
59497
56704
172568
93842
141355
144230
37653
156505
161756
21504
99284
61645
68475
17133
45537
35622
60704
25869
128796
8789
97234
12530
166813
138210
72522
161632
66633
4331
35752
56232
42562
128033
91148
65892
62018
120131
41834
26162
114575
81656
115694
63735
72342
335
133231
127438
13771
66277
113847
110905
47205
153084
76021
55389
117673
167335
172501
78156
118205
59579
46844
77224
10522
29548
60149
102281
79992
62206
177425
17948
124074
157334
35294
28777
27650
114562
154458
18380
125276
37245
173411
120768
131285
28289
129547
17364
16337
19265
70593
120950
47799
119348
66935
53482
124462
165497
47318
96440
55938
24280
28007
13425
114624
25363
19378
70340
85252
112170
42157
37964
175378
101639
85113
86001
107969
102010
14023
135226
54967
68211
38557
38312
52743
45208
116582
41743
170025
77015
115271
17251
157968
102445
107498
163301
159069
63089
23684
90715
13508
57482
89392
115004
52321
91265
66114
114615
108327
7814
14365
119986
15868
57004
176735
92762
111982
125110
138517
26704
10136
123260
19807
80536
38127
168777
37038
109469
154668
12288
44882
111899
96183
59929
152814
67250
90505
83479
159450
59567
72272
15209
55745
108210
174162
86647
176637
136512
90610
136388
35036
113378
156947
16618
82800
8129
131298
141771
175978
4744
156441
74347
119855
1854
69105
5897
81088
160137
173448
5953
168799
162641
45066
58484
17194
41695
102093
61028
11568
33310
72998
58767
134607
151257
149175
170229
147910
115140
41510
60057
76937
91797
177190
134066
9304
50657
32828
70335
38126
159177
82845
127556
21706
73836
96144
50006
51973
86315
72727
142751
6211
172201
40696
57576
75353
140643
127143
158227
31255
32072
9794
39889
157982
142849
10108
68647
139582
135062
102337
11622
155024
159601
80262
21027
36707
53835
138303
10757
132119
25004
20988
121188
94810
137927
65714
30327
157138
155616
36829
44111
112457
129539
156631
172285
117028
118411
120585
34837
163899
77605
138823
85584
31479
6212
174966
169493
78559
71792
124319
65031
163056
14190
43285
118408
95811
126775
11984
141281
162842
14068
121649
80602
72284
134117
5607
27409
110373
117213
45128
68988
64821
150374
83552
104012
146375
127068
81734
51554
18824
129507
53466
86880
65666
110684
90598
16382
156061
127968
108623
152390
62398
103206
138442
115480
128296
66724
94563
101079
124289
49838
172633
82540
15199
56566
63049
151699
1733
17946
3717
87426
82708
61185
76248
34341
72668
116707
155229
98809
95460
55562
152577
101111
153187
137844
165120
21509
81165
100345
106122
56367
63901
28330
173700
70057
121062
10465
65530
119608
145865
66031
165436
85188
11265
104572
168952
105884
112104
97112
36967
17782
83828
157351
44558
60491
27746
68654
167941
32285
131812
100555
40457
124123
54235
82681
172526
85740
89311
155893
146101
30808
164824
135820
69374
11490
143607
18295
121030
120911
170062
59740
28164
81171
156131
68049
147747
55792
44204
84970
82208
176203
128690
160847
34265
92350
92490
21468
122075
161838
103331
71340
23441
134740
130518
134746
156412
103442
9972
64933
17272
76097
133885
28314
136023
17546
9680
77118
142552
121945
151238
107196
105693
132342
160964
49887
42422
108186
27782
73994
112430
55558
149418
93436
122887
11161
176510
34326
98147
59309
27301
72824
40834
137788
3774
116333
78976
136514
148414
39717
69483
78913
45727
132108
7769
50158
140503
64339
109774
153167
171514
46406
127319
154699
135723
89160
166339
117069
90006
8814
130039
14337
66611
47453
5194
164088
8193
135920
64132
44137
80943
166785
167624
148885
93191
166902
78287
70275
18308
5245
69346
166870
5900
177164
97658
107624
131134
90419
124407
128088
159728
62319
85088
48437
71210
5160
51609
7975
174316
160496
80922
158061
37607
92235
34709
106044
89248
99448
76193
143781
101359
18858
88249
116266
150986
36194
174560
29669
60460
172841
43590
152426
2952
117555
132595
38250
88764
144657
110439
27187
62456
103551
46135
6133
63693
46927
23792
54168
75772
128880
157622
28706
157401
9561
55573
82239
151394
36188
159394
91666
111810
48012
16387
34524
73904
41766
121762
138824
168068
152402
101000
161048
64155
101402
58286
2085
72471
161787
150116
106311
128491
105245
55120
100178
31370
62407
144806
124970
61652
159699
95759
41790
78307
9072
59943
155818
63256
121756
46666
174062
163083
66898
92426
146271
143801
88494
170512
120312
24255
16795
15556
153271
89039
176877
81456
130663
117443
3369
140255
63534
71429
33341
115423
20170
129358
114855
157990
110807
19711
23930
132845
61286
171252
42614
117925
47476
102896
151571
147842
94244
173941
56796
3108
8417
122655
90788
154265
43559
90662
19230
4462
48716
128049
16075
174459
74740
86882
148193
79379
31235
130494
57453
91811
96311
145018
171409
171584
157843
63992
111020
136564
83899
79942
53740
107903
72575
34380
155092
162327
3044
14680
42365
138014
166766
98641
14526
137059
48657
121795
68155
53593
28463
43081
72213
150002
76804
51631
167632
51810
18676
70651
107658
11216
92255
135529
121856
50869
83649
146396
83385
46199
129606
151023
128643
159629
12850
24266
103432
50500
24822
3739
48902
118512
125189
34206
43488
16935
142014
117287
78611
5875
24787
50048
138032
154223
102732
16003
44028
85983
17264
151013
43176
59547
149755
164558
9482
154374
141182
78116
67495
90919
5835
134206
103827
148434
52061
57956
152155
119446
56853
63653
138093
172158
94686
66244
60462
38908
135687
129255
62582
118969
72530
137204
95929
54243
137660
15871
152543
172328
3707
80565
19118
16906
69969
1857
107258
4328
103749
17865
103706
161435
15229
76786
1958
70177
26395
169390
6268
132510
66321
146788
20369
147107
132432
46126
52741
116592
102656
139675
63880
129949
98434
168211
111031
105941
149950
27311
52249
172495
78084
120217
35464
100867
174167
67135
40392
93825
9165
37279
140340
148376
85244
48186
53546
171705
125296
144050
88198
171784
156054
43395
63833
52968
103705
57694
20985
32641
73061
142774
119995
76997
87155
133054
30469
119307
165770
54576
107548
105131
111865
65676
118245
145482
173113
52266
112909
82008
124186
104017
12505
633
174754
162858
156521
74321
16841
142359
38738
51226
51763
147300
133314
144603
4378
18390
54422
30518
126360
91896
96883
109393
74984
63163
176073
163164
72897
118146
158113
122291
3284
161532
138405
67851
118895
55641
2579
39503
82505
24591
90191
41353
37873
176458
44559
65014
169701
128013
14964
136453
49172
148058
128135
147589
20090
64464
17674
41501
168752
74454
49463
792
134279
39631
26653
90766
40454
115131
11061
29486
67922
135356
65971
54851
58881
129428
128877
127059
18687
22810
162796
163931
31833
26049
123092
53271
150772
108897
20436
13616
128449
26266
23483
155079
112352
118339
164669
95441
152164
4428
116121
121212
165943
127056
133178
86930
123017
31958
5538
13429
30599
11630
25541
155333
162407
1662
118686
107714
22680
173025
44312
176101
93776
14008
172298
163844
86400
98465
21135
111671
63553
49581
57063
68103
69290
11027
1919
149120
14901
21692
109293
115491
122877
153111
114723
163669
11251
44757
123977
99933
156732
96990
142454
127572
35808
115518
118711
152140
75608
116715
164337
31773
21887
76570
34288
31569
76416
57994
108438
56544
172999
3956
82453
75579
11392
109063
136733
97925
121772
92394
163337
21255
72747
33986
10038
90517
116067
74895
45548
114059
142096
75546
145605
82625
115448
18693
158985
108877
17684
163938
146758
136491
119226
108507
82832
53038
18401
71446
19309
88593
100092
106008
84474
156517
25633
146546
107255
118924
29142
133875
155201
52487
62123
105215
51157
144147
142884
136021
125365
35466
27156
171987
111752
28660
120137
13327
46168
51976
121766
26818
156697
72505
37134
46735
12670
11169
125683
162344
114518
77898
152664
50966
46115
112665
70291
157492
65616
122072
6006
92952
30726
158182
48948
41430
60309
17070
130633
162905
81616
143841
76607
146469
80461
175968
67438
56466
64121
54701
20183
74665
162368
111070
57968
132754
131212
83863
103199
161282
175876
116400
69254
175394
51541
1831
119895
56469
32764
69125
66479
12603
153257
170898
2601
38696
21160
49472
138263
8522
167991
54608
26631
119606
165093
51266
72960
97830
73329
100536
34207
530
73207
28628
15691
133169
115456
97315
152569
145669
58290
118894
42996
137364
11534
93101
172494
49860
74681
15300
148880
39838
94481
162721
94997
82132
106002
22836
127004
134266
136082
23648
88699
142739
44406
111779
160974
13203
82936
111508
117746
91760
127254
26935
105007
100717
115806
71086
15629
140938
119900
119303
104524
49353
26731
6454
169104
134220
165680
53197
1319
163489
4476
46453
126060
171882
31962
116490
79399
116478
90812
78762
111337
62237
159454
97795
74349
112167
118002
22639
140494
65613
29553
140696
64057
157890
42167
3401
56818
92885
161953
67195
90665
34759
55227
34926
159318
65932
135610
163846
131969
154533
151704
114252
151464
162258
164161
172136
99562
125303
3370
95803
43527
141803
24336
16475
101772
133671
79363
111110
113985
66579
83645
20264
150629
168118
8771
50367
30722
150102
103438
61003
163776
174435
36006
32554
159713
66209
172324
150408
12069
40005
137805
140949
160491
169227
86863
162649
38246
101189
20286
82247
117962
56340
57799
144739
175074
153394
95155
119173
39324
4022
86236
166951
105855
78732
25666
2907
70065
139504
110945
136089
45899
66039
144950
84577
166641
173956
95169
41965
13251
139694
22668
50113
120867
77456
35446
75543
153676
165975
91156
10993
119503
159343
39123
111245
25847
86708
70343
112043
65889
64093
121317
22428
160096
141573
68014
57584
146073
132623
73861
126556
152909
28835
69005
122217
112919
131726
138966
129262
21600
42861
108355
52850
152408
150385
6318
45655
130066
152933
76509
158065
64424
71864
133603
14503
58384
85623
124829
52145
100107
153969
18491
92493
117265
9627
20615
11864
89
59690
142411
138217
70255
93884
32854
10433
31967
132995
167760
106107
133592
139393
145985
102259
23901
131070
139871
148506
91593
110312
63504
175682
95551
86204
32018
111042
140951
121891
28790
107164
48468
47909
138347
132738
62648
4246
109344
45795
96413
144576
21082
95323
17636
107053
49263
129438
148632
16512
8334
7665
95687
23337
104063
50288
66571
5514
157759
64512
59957
61794
11143
42146
169469
115598
68558
78594
153637
23489
166237
101701
77758
76550
70137
6414
37465
68181
30706
45577
41637
99110
105868
168978
144901
113267
97450
24540
103763
148583
166738
24573
59845
41604
144285
35473
2755
11840
161637
22168
144477
150801
40233
58079
150242
67592
113478
135694
76211
33343
25859
64115
12596
164643
92692
14376
66584
155340
117436
77145
60256
168892
10637
144949
62755
147870
153844
70975
70430
170163
77522
28871
156535
95777
165644
125383
31229
150216
35149
54806
8259
30007
12577
66955
33538
173127
6866
81217
17567
49546
30566
23453
32272
149177
164086
3486
87490
161723
55663
85834
175483
36812
8203
110191
43670
132459
136623
148111
101532
81249
115775
166918
15882
42889
142174
2708
157131
154834
176687
46826
38528
140451
75900
95704
169936
85502
24013
156565
21888
115760
147912
55435
170965
8707
176956
24029
56352
93432
16987
65335
53263
126544
50172
108907
175645
82573
102085
84549
101194
174739
40306
21234
120846
161901
56210
53042
17619
21541
10822
112727
117057
35685
139201
87804
7586
92624
128974
56212
63437
110897
60186
67482
64401
141013
50407
68262
17130
13134
14512
155681
106458
170192
112309
156989
30774
67842
24081
110824
91196
175063
128572
97970
91823
121194
72086
80963
84047
175765
163762
150096
23928
131338
91232
173576
148385
102760
69975
93336
5801
91752
112269
164603
58696
288
5658
163808
44801
1222
156180
102275
89143
154015
122995
12795
111053
90178
148648
43242
41612
114747
138829
169882
27285
14431
98429
83829
55851
33452
123051
163062
118907
6201
119081
19218
55669
45433
1858
176158
49181
152460
26636
796
12311
98917
57301
141802
53800
28263
58408
52261
99082
69978
58614
39678
58559
99123
84087
69983
135127
49544
156484
26360
82691
11409
171867
65894
160919
124280
129362
780
13883
138609
103092
133825
80593
20262
121177
94269
24810
50819
138675
119227
50083
117216
161230
28238
70302
20009
161128
29466
100338
35669
121922
93707
81050
98062
137249
95591
171398
70309
130268
59061
175326
27099
14291
134382
102966
107124
124261
62609
75851
11258
49280
52594
167891
54080
152532
170254
88798
14628
35744
162830
69911
140159
120721
122402
140398
12082
63916
150616
15698
168333
115362
57107
105759
20214
100959
177495
152077
101560
133123
172319
137949
145075
102562
9775
21941
65673
15947
19828
108863
62829
73646
36309
163268
89635
56076
40312
30751
171669
7658
128398
12730
61370
131648
45102
160049
163556
66053
83564
35960
102448
63704
20327
46077
12747
60265
831
66448
30089
135297
112731
171898
152769
126867
105891
124021
64322
133768
140676
84778
164201
18654
44915
32560
72618
146779
100041
4760
82817
2287
134940
162753
115435
35267
8602
145801
175046
117231
129895
135683
91331
169012
119138
104619
167354
131368
13516
10013
52182
176118
32358
140675
106579
103328
69508
34665
106993
141592
3456
108198
45695
12159
86670
99052
122077
46388
5192
142547
162677
11754
14912
156968
61504
123102
20725
177716
37243
110090
23025
51390
60995
38850
63677
61833
177719
106544
28778
37760
132341
96731
174118
137148
97105
71229
104428
89611
23257
37546
45646
128777
31081
3034
107326
140610
165242
111136
128550
9740
88891
8904
77740
46341
39899
101076
4314
90450
126452
143928
60600
94056
63736
4132
57526
123493
36227
91004
27560
145005
134166
119560
49113
63625
51161
49410
77623
149115
101941
140536
54618
129321
28989
69371
19104
170455
79190
80547
86366
76249
117066
124833
160954
165915
128035
145949
57798
69253
62607
107614
82307
88113
102479
118905
113370
83277
27038
129355
71347
31623
110880
6682
40814
37844
12732
112447
166893
42316
100121
55700
67607
23952
95495
47147
74263
143865
107950
163654
132838
65618
23195
117250
94111
176593
42188
21448
12817
40966
64026
108460
84221
104368
134137
143084
142083
164927
114153
160007
23190
125627
54757
91230
159836
175675
177557
147043
141609
157403
15875
95521
131361
166746
62339
101094
122596
20462
34751
82041
117113
108681
97358
78418
45354
127114
12349
154859
64104
77480
84265
158477
112578
65495
151340
153745
162020
2308
161642
142180
121771
88747
101112
143169
91091
103578
55608
109253
43345
27439
81084
14633
121735
137674
90722
156640
76963
79623
45974
33278
111929
101391
29345
9959
7486
124068
136045
21345
57369
341
166956
118552
29636
175486
19780
45268
121152
86335
136775
160200
173695
124364
25050
57986
100801
82288
162067
42531
70714
156827
136659
4932
35478
120861
55438
177297
6807
153406
31137
128629
163439
21462
80276
27703
122219
95732
77494
171609
20965
157226
36884
46629
110417
127944
4836
171037
158497
61596
144882
15392
84315
136627
176441
89903
100264
30603
163864
16729
82472
35733
4514
68802
110025
45777
158660
19147
46068
36437
103304
77795
144096
41172
55918
60441
81543
163537
135591
71032
67772
50910
33320
131745
43880
144704
128981
115270
175168
83805
73188
177626
116388
170507
46270
118221
166288
59164
171471
139129
113864
152456
93418
116498
38675
60938
23587
22759
5455
86957
31681
79554
29730
7776
51640
158469
19053
128652
81572
80799
94436
92666
142034
127051
17727
99001
2893
122816
49830
51418
173
34504
114523
108371
38684
42793
177525
176767
28074
33122
177622
101461
11488
713
44490
148731
91690
152336
60065
101361
41112
14488
159945
6332
170622
10639
167653
30874
109759
107710
66395
170497
74232
8406
81438
114521
82805
41761
122804
54480
153545
39467
155805
152251
25739
133668
10324
176366
68607
123345
51745
84889
137013
70413
158524
78691
139537
133949
154092
116095
2990
58465
140879
114164
67237
115949
24679
78426
49287
128611
31558
71470
17737
84365
151422
11850
68631
11469
168329
141526
97715
45103
8628
111732
62401
133454
141480
126383
57541
78380
166022
103723
83418
45931
127494
160863
100287
60894
149259
27232
171842
154258
155596
57474
111132
25483
70971
110573
101686
142285
90455
154959
170742
155427
147754
5970
101471
43420
152803
132706
9760
125022
142167
11815
23649
131917
26973
963
55684
21632
151364
153981
56011
138162
75349
70387
102952
15383
66831
163817
42727
65687
101515
37986
117074
51037
3657
146968
9510
94655
103747
83666
97958
61272
96103
134571
42698
91498
58783
12905
98732
63770
171453
51180
95109
137790
165239
8913
60601
24554
73579
70525
65509
139354
129281
73393
95316
102485
39161
109558
88537
62570
11825
140168
608
105865
155742
76650
25921
86926
138886
151011
79587
45236
85725
113739
177731
122497
62014
105324
147231
143652
141733
80417
105155
211
148450
82650
140423
1740
110135
107522
163193
37355
62374
12932
49150
115971
168229
21829
165903
66357
146382
44443
46369
140292
107610
103068
15486
95212
42418
88009
59271
117092
50297
34985
157372
42567
135176
23662
123864
11390
406
103157
107391
153597
112691
51637
118092
54152
51898
30779
106170
38114
138927
9188
134209
107240
38599
38618
39902
35436
59132
34337
103056
127758
88297
13741
139045
152089
7604
107435
81810
176338
80072
160861
133773
55282
146604
138292
167498
95829
160520
84296
145027
28288
4203
111809
84001
11222
76268
127037
71514
33501
19932
155259
105615
104850
142860
156955
28655
80843
82606
82534
18811
124358
64479
153086
32190
177005
128294
159078
98923
100997
18742
35281
97532
12903
46290
43070
56496
106258
127118
12011
62278
45597
169727
99482
72379
24106
129197
74659
82251
22067
80319
170419
128045
55198
54159
100656
20552
150848
84328
100081
114721
159500
24048
114446
147316
97489
91939
176017
139715
79422
96480
159537
80188
102735
170597
112001
25754
169593
102646
164687
107363
49144
41846
54921
69839
159491
62094
61194
135622
38285
18225
157796
157718
117154
15796
13897
84226
113890
20372
146519
7045
121217
84803
13342
111446
34184
904
29705
66287
54192
40030
115784
75908
117930
29069
130673
36558
66306
108203
60170
90329
8856
108220
14430
157765
62015
143622
96753
109621
149096
144688
26893
175269
120157
13077
167526
69206
105266
30976
72338
102659
98306
75756
64510
154193
167547
17767
102817
63335
68971
117567
63630
138777
60012
85197
171466
89267
40958
157614
40195
35701
18930
105878
8305
25429
24792
143345
112277
134925
48940
38130
106423
32431
120026
44683
131988
167025
18720
21687
125306
66768
16284
142127
43076
167796
173116
44384
84934
68642
160473
46021
87208
12901
154991
3492
18164
11552
81408
41795
49629
162266
97544
137795
82529
40481
129896
31599
125932
75770
107017
20788
56220
36645
169457
30718
34862
52430
132957
44994
32718
9483
176899
84535
38690
173195
5588
37498
169292
79304
51315
104186
154956
15000
19595
43692
135075
71069
3582
49241
5268
78141
147580
72884
52958
146583
174486
170769
83292
160952
133626
61779
5969
17481
70575
76542
135980
12475
92505
34311
76839
23358
151558
78009
30590
112707
36900
76287
106636
72085
117599
7415
8569
5904
33332
36837
16974
172702
45420
54894
71181
73256
167819
4010
141098
33616
167833
133352
48727
12578
60758
138432
4239
60311
122941
99545
93409
119596
161941
54093
62306
153485
8381
41292
91318
8095
107425
36852
49330
42712
95248
21870
172120
118790
68243
31029
33789
71008
167233
11030
56128
139557
80710
132538
148039
165714
76796
29463
92171
49290
65149
111379
139468
153538
98885
15721
161024
48110
171724
7663
82675
24389
102850
170914
149726
154942
58287
100496
146955
130702
166212
43870
69890
169438
1289
151633
118757
106111
121438
136682
149543
118555
142659
94920
64298
176370
150021
51011
80672
46955
63810
161548
102120
5869
123900
2748
149204
59377
8205
49610
156469
132526
68136
136969
64190
7917
561
59477
121309
156322
132259
39119
156592
125406
148761
143788
88449
135079
31696
30785
27973
57488
146387
42313
109976
165898
118331
146836
97482
107463
88818
170394
56446
61433
95213
18996
132822
6918
169201
105154
122413
83284
89434
169340
31440
60602
105296
43564
74867
72226
89938
4076
171070
24019
151124
118804
7377
151163
74875
121236
10759
84417
67348
11589
59318
23069
43651
46075
109073
97748
30311
75695
90229
139933
55165
111045
114172
100252
53871
78649
110296
147420
4416
7982
94477
68430
8777
86831
151437
75423
77615
6679
102301
165801
137072
93657
83989
144528
106723
9456
35101
157646
38837
84943
108591
78513
58156
126640
148857
20595
115479
117098
63092
176331
149925
146702
73753
55828
29470
143621
128930
159260
61171
74461
119937
131395
92569
141751
146323
49198
73725
106057
69009
76564
15911
130842
64100
14662
18796
46870
1374
109180
28070
70178
66946
150658
83388
17409
37799
48601
14989
103662
45281
170688
26902
63715
60891
69252
153685
29129
109816
150882
52484
113301
53503
82362
163974
165932
163905
47499
146745
162463
53185
10289
174646
25065
110162
30684
118156
11573
12994
135671
5216
161243
152958
35057
175206
139604
133479
137068
113746
129861
27731
145959
130908
160723
167728
29602
43441
36301
113078
112511
47062
54470
150274
6510
67225
131451
13356
144258
104448
131405
99889
57431
113675
76985
84582
131563
10272
42433
3845
126102
4919
163721
173943
132291
32176
150230
143434
163870
127720
162816
167824
156528
82300
99363
100780
40556
63435
152066
76930
99040
138069
37248
105876
52881
1656
28309
15843
17140
66414
90457
49638
65570
60532
63419
127360
41378
22075
131945
102437
93398
36092
3534
126447
24045
2864
144650
104364
74696
173331
28386
133717
32621
122528
68951
58887
73455
171259
127973
133430
57640
35843
119697
94201
38591
111848
137019
111959
128186
92045
32686
47844
70659
137940
169230
124533
40666
172070
122028
113732
68416
9396
36874
76398
12122
27266
166277
54320
74067
159436
37773
151092
43384
34634
61904
21404
58921
80784
122562
22703
28872
93756
113741
111911
31309
73426
113487
128355
121767
73484
74754
77205
79290
154108
87137
130954
126803
141762
112520
150750
45331
120067
122309
30173
176526
95919
15632
175803
114854
60113
68446
121845
115071
125405
108833
36919
38555
33440
5937
169468
142649
136214
136587
85865
146987
108288
175758
172371
3470
11164
3875
7114
41073
102001
90241
79782
48570
96241
47811
24959
174469
125025
130307
54321
108463
155243
174979
99433
112205
93923
48980
102283
107072
34966
99317
29268
26446
60449
15825
30049
34558
168213
169040
86814
16576
31441
133100
32779
100118
31096
59185
126153
49466
123650
95200
158067
175599
35979
122547
130380
162290
52844
57286
55924
32917
50308
3909
89718
154600
132507
77228
54558
35572
150004
173935
19694
141826
129036
13915
57849
117864
26611
61649
158995
20660
18318
121818
171033
73912
167253
130082
103479
124094
10678
168673
53392
81172
103126
116139
124738
65000
3796
135615
92971
139484
163886
13047
111258
64399
107583
80729
99964
34009
132437
102285
86968
41566
138170
112711
77533
76286
53991
134877
7118
29541
135928
26104
57559
163493
33681
125458
12661
76520
106099
165976
76673
59178
163534
34336
152913
123768
152311
21842
131711
121618
82032
1969
168840
7718
134176
132000
144202
137961
118780
115372
81955
78125
45379
42247
152003
27172
145840
97118
4040
23059
155593
174835
155477
136823
126008
33691
92655
127459
72850
43123
168038
41843
155635
14464
128904
113740
175368
175088
160501
71635
129777
121092
141809
174185
127361
151846
47386
106511
93128
80178
37651
54715
96710
158040
142446
46422
15243
34560
175539
64096
92061
43960
115462
58188
172415
79640
154274
70678
56742
8992
94482
52011
48493
117127
35862
119434
4065
177129
149965
154893
23759
37622
128751
83821
43003
12358
40487
8212
8315
117189
98929
27189
162484
98129
16929
48171
167777
90128
161628
163825
66949
151948
132019
132848
63114
103868
17256
152236
123797
144359
150967
166679
161809
144031
103739
91783
109953
53496
109412
148230
17751
168210
9133
175227
137652
39598
112190
152163
4871
57683
132567
3709
96890
43602
2444
111755
135862
4805
48673
17632
50505
1195
169300
14569
77846
93067
85029
146711
174867
59256
100993
163662
89388
81494
77204
91267
38702
140501
145663
153533
115702
177241
120285
49621
171267
81464
11670
3496
166661
109049
150062
113875
26702
83342
28748
21644
45360
64038
24505
35857
148594
63777
94969
137096
144792
119350
174302
56170
150160
45231
116080
29417
134321
17756
32953
151126
151054
51126
37738
13103
169018
121709
133756
7432
100333
51460
5871
119889
105955
172309
72571
58770
149629
11880
141661
66766
84493
30745
13614
97361
92160
106823
42420
50926
15775
60906
46404
123312
134262
56954
84005
96759
8773
150552
150980
88878
162183
29544
153027
158784
5944
154335
169705
13001
102863
148527
71193
90543
151900
84232
45059
38890
49495
11982
68102
124055
64262
49237
174338
15607
140171
70763
156886
115524
169143
125925
163110
46072
157866
132361
131460
66862
82624
57940
4989
8641
60628
100530
170140
21407
44696
128761
78442
84764
19390
129706
118530
144462
169524
137430
103097
77751
72578
33354
159231
32706
42697
83151
162313
151589
41145
47300
170303
59676
132021
151303
153972
93910
115976
107769
118745
176831
101596
31796
21447
83392
162645
76470
106909
150301
7147
110628
133055
123723
111909
112648
175279
28822
148679
90884
42101
45871
91657
136794
104498
52391
91108
121153
152452
118698
126072
152184
133576
144233
32947
693
97222
62470
12799
174418
157462
140265
139437
103148
102559
116022
134301
112549
167970
98892
73554
76088
175769
50214
172903
84369
63420
105172
100371
76874
34217
173798
8122
54869
91046
92345
54854
148266
96365
78530
138453
75668
59017
36924
61877
4180
38346
159175
60819
79312
131844
75163
151342
48763
122450
61468
84789
62717
106145
132256
111354
27812
8209
19550
177679
33545
132014
17965
57348
21040
136070
175297
102820
64245
92933
129641
146744
32667
90106
44519
68283
60315
57079
63834
67875
51811
166708
17860
121596
13313
126482
143588
166347
169638
59618
125729
130230
153885
2425
87126
17292
27824
68251
78087
67042
148773
5797
158289
112659
147163
39177
15159
41465
10429
65018
7338
135245
73544
171157
53696
116526
24732
127880
126114
117956
15918
17308
56155
23056
157715
177077
100384
69767
105621
110906
25745
131217
90339
41125
109978
97158
65972
77507
11563
101705
51309
8853
22202
50470
152274
155000
17197
67825
51284
81124
171024
86150
17502
169420
126599
84119
30781
109722
16742
66991
124435
72607
4277
160884
175292
164894
151040
26587
83774
116436
47451
61840
123744
17771
27329
99117
164728
149914
146945
67073
172161
59814
169302
37595
60977
28154
51980
86583
101796
153047
744
110772
13326
73697
128862
847
57337
106471
135319
51012
159326
55272
8948
175861
56985
140506
132808
10125
110468
154325
137594
90720
168940
50795
105139
66778
65467
139472
26650
88920
107663
125688
13200
169330
159883
21925
3511
165326
158209
127713
25471
40099
74725
8210
98492
34935
6911
84024
51755
161681
36864
91377
33124
149373
51950
157609
40363
142981
100927
87088
45633
101802
130934
163843
65845
24899
71059
39430
143566
6217
24102
9757
169519
109009
122727
24583
46580
93569
15014
145416
120831
46962
96069
110862
158011
120328
80193
90759
134745
153284
143448
139115
89839
84028
40811
44340
116798
7527
134785
41867
49899
48038
56699
69046
162369
170883
58029
110750
51219
21391
86561
16238
168339
52517
3332
95843
52046
146685
94367
112234
98375
136693
31084
45582
83854
150337
176188
116725
122425
113343
91021
163027
86683
104229
127725
130239
39888
84810
63563
23596
57969
92547
93425
125674
74793
12674
109255
82286
70041
59822
33714
31177
7294
107188
42301
167442
75686
134947
133743
55123
105477
59171
168987
3613
56923
176016
42709
43103
43658
12409
7610
1867
164436
140117
65328
177304
27242
125464
76613
62703
61539
137726
155872
31349
165994
117511
61441
65490
108774
2291
170155
120803
18943
106659
115814
145156
35610
27485
112873
84017
164962
174431
119965
41279
25681
92126
65631
102028
63029
27692
124267
130094
140475
8541
63264
125021
121569
132810
153891
66299
32056
135504
30053
133216
145085
135085
59827
63304
13590
83516
98310
3955
166675
132172
78386
8703
85954
116709
74236
141918
13983
173792
124791
87669
39652
143671
66020
77461
172364
130541
92020
175760
36999
136591
54043
157686
80250
27129
1378
77392
2191
132643
151674
84857
159146
101083
61511
162149
98575
169241
121026
46898
166124
30973
44701
138575
173917
17731
98196
118772
143391
28975
27482
95994
10737
3890
18129
27623
15986
156844
120190
86724
173053
34300
96603
3393
52973
130156
130860
47914
32009
89841
79648
115011
119745
25178
2814
86346
33474
110961
55597
9190
49311
61497
58765
60417
79691
111828
146510
53865
15232
33773
73085
61391
49129
36343
81447
107703
4571
94781
165199
36141
171368
152272
157367
7981
61230
146135
7218
14506
81766
8245
38769
58160
31335
76715
123326
62376
42135
74181
117590
123395
71516
103949
58769
50585
20358
5322
111994
176146
7544
11008
171014
153428
130209
23131
134834
38087
95889
163901
80209
128772
162915
99435
149289
61276
83015
116154
150969
53444
176625
175104
160947
58842
169973
71550
5435
125092
108462
69647
162062
21014
150988
62066
79954
65267
137438
62440
90473
81620
47975
169981
149855
71662
167944
9577
170557
157898
140711
23884
19438
2745
70280
59234
15867
47102
168626
4138
128811
60661
139051
35332
20332
68144
119193
104327
8575
147560
159604
146319
140061
175021
12802
102092
62598
73512
171710
32053
174872
64568
42166
34175
133673
74960
176813
109291
108215
117682
20051
53055
133769
166092
122094
125588
152634
91026
155755
63330
135786
89978
113748
107469
42194
153221
149065
30491
154730
119914
176081
128202
135798
117950
64130
3876
168411
21297
88865
59169
48556
121638
77307
74647
136286
16510
160565
6659
3454
12881
26633
12340
95938
159899
132292
73353
29053
130390
174399
36681
17575
45656
123963
46475
84434
61239
90646
21932
46039
80432
128078
84919
156649
5487
4332
71188
33597
7246
17940
26368
69856
26040
55757
163271
107399
110474
28604
124207
42686
147080
119758
167753
140109
56722
32802
5648
29319
85676
22951
72696
133618
81385
118576
47610
71312
29674
167231
102173
38251
163346
57807
118492
99897
55813
140917
17934
103904
30850
21579
30112
91540
77455
131151
110534
134509
37596
85988
91986
163292
99509
24268
176443
53780
1899
115917
95307
102261
102775
99276
115904
128535
105532
104434
156666
105834
50968
115568
125377
147973
154755
73495
163190
72351
43632
155088
64757
72253
107586
131974
167364
147070
60249
112795
101996
171339
50473
60898
161454
156215
74262
22419
108326
64134
1335
108626
36832
125646
22570
66525
110700
33867
159930
71409
124704
122609
94510
82200
110269
36788
91964
31723
154464
79057
112346
161358
38647
47274
176775
59539
114607
102883
35555
142590
157817
123226
103947
74482
58411
76902
103535
152248
41626
170645
52599
176635
5105
155133
66090
134457
92271
24489
7279
88649
161013
163908
168225
84034
56717
90389
130306
152912
172836
20424
8439
39201
118712
21284
139849
151285
90981
163314
12765
354
143947
55656
127296
55297
19923
144036
156618
90355
88505
103651
87264
52593
137403
2866
20027
148965
33626
161808
117404
11211
115005
141072
7480
104771
74153
104731
55475
45802
16911
43391
61221
119041
44336
77256
41114
41548
30986
149567
119696
47625
9947
34993
55024
165977
74609
62587
64907
176040
101847
35589
2094
117947
168451
103429
127393
31462
10030
158154
97435
82801
106697
60236
72290
124683
97106
30374
26888
164132
85280
52390
84519
17224
162205
4635
144198
25569
45214
152223
112142
45575
36822
58815
134562
3043
26744
98753
75766
64890
173013
70573
110444
15477
117610
135060
109424
22379
133736
159456
108117
90079
56218
3910
147071
16243
33586
54454
49224
172725
12706
15109
129288
135164
105061
87494
129831
5537
51712
148568
93765
62935
109481
151461
125699
142410
47829
69507
24575
20628
22874
31886
170887
66744
46449
59470
75554
84716
132720
50336
14821
53841
170479
157432
165035
86875
161786
160234
63838
116574
111068
34875
95510
73005
51437
77724
64429
66024
171360
132570
85668
6056
125931
44389
99273
121729
35323
142391
125228
69117
173901
39877
70628
169083
63056
20245
136052
44500
144586
22777
160302
122052
60050
40447
31311
22289
91582
88825
48160
63270
12835
6084
105157
149231
